40946199898846994044607258065516320543892154419457569736467363435763634101524426411520382264952783209482632349951234293307438788775039547103263890437501433182139565992546811292894644323085214509210714
66209682499514685382503953639576483542382900153228118681611074053174374220087617157266363723991157878614553879818452522092691629979289753631438615052670935947861761586757043501614645666924735780518606
00056023140636256275035099314863363614191179064378194761196881672818937612018460502061350525035101712952551947322058011845362219444023570749786433967195807340036604192672999009874389906120924608955109
65182762886276852059899962471075360173349554796852342801557444521634876946560751670900272940515282196620948017100879381428298597538977316346331362273592646585640276713285235502795695605585802703285166
14923338303123051945608403989785538490451398746926451650897341957211865536581105275958973730390891769986408143337356252270288960686176329901635164144944983802744999509051862377728620831711904889389560
47098741559687015510308323710575217762546910583141918543266945372369928758907809107075702564369660512210977266537996772966927482223708704411103362215966982234033786840967724771738986487874043035219657
46238511834408766466892955548733393191061127622107929033486274948892168080935371435462006276533163247466822332418246356019399515603516027703460066081069574188762021100632974135722040912484960308392874
42413792857452917909851236748379337972776251266507440334409571117778325081442766372138810573364041970598527222216591605487183939438056874625161324068973191823838739931325431948838514423725191166382336
35567943185244394404669264802035299527140719081699382658162053422607865694889855278568520399935758539358264297870895853509958349658641934865687943847374626599969568611292562729707451495785646952116565
55789875091875824302260307803357787726828076340206656252299990602216276341858430481307105241971582873081685869750656271484301032884298021436916607215006326532555741194286860617729844143858870442249428
90633712048936350976536951215346896949014716162233628970564978403734569604227319042349382973182261251616551078473284579124086258314185172386364598277157080766791871229739489235439277775789379893206574
05848329597324301311809935098459533457406727641721435906579853577478819243585662436569543251241783274342000602563148056341377042552975602374723020171485281027451672269996270772051479379957880339089071
02964358952891455212621168363862445566598299803341534692575923813753409393118555458494273625859752014834816958432211528852477446144616963562354378658402327622923554450742467309611839196907704209544750
55060709465738062512599641825415185923060278169453235392597867351225597589267678134085401011656414456136530252286427182193378143834445946183999403011336751462314642111494294503333421161380850066136474
85569233282334673323924795887453319869696992430849824249166190475496324940712131905536256802573074115795410202964366031203602499778774312308344595424653415413607878400214882561793952818904318472949763
94617745833233364429569063294302406013048123361974255512489003668890168994034293315907784055488472273973148156111241291948026672425392617914222074718215758394687675386843424057821107543766216157714017
82432465650599006974546908688153695594453461363225832771811831767265104249113404399072640630833595302762204335573485438311597331215236872281584767492566674756756963296519123968495395392741387245936747
75039137157918251424404422886979077311251861445281810631760311645319418560479850746593814097987734911012296016947954069810823503768920613858622964647193193279566131969427084087652604238628189886023960
48666472768495914667873982448476617570195707341274999352369173067805065034939207216169127161395616554902172021420036152356024461685518191974925670169773752822526033249830522153879798025477546455049680
02371949255108208112945718052596898622058740518978521486897202927322612508229413183616956658419199764885474043278776481751880465469198456857211663475568275068967934446520092056776522451014820428817205
06590447866255469202835832975820865264408358106505855461813360313836387908248487926939261456411272541710763852802673724330642851088763292252386493514224341152185500452032853206832829999399967644006031
07706194814725031527516238181421357790045568281346689277854699586515563011466905193798394473717673695034889689298240866891326952362688807909326844335649465206315028470882049008060042688442240639366244
52553855313956097196827056731431508942857430551684815723421034982522888870568445005524114070684668852578934166822521686207813647898011287939537504070115762113404477163101244412437490897597073439132350
85381673864406527125715546123977198545016835588796506093757967335018910776651705360017453049082494201173905453693454891998016447339686200451810339256408919707250093468590660859135684111130883260238944
19888481045400805588708682329534698366238565196463220603319056832996207855817476924712970204464472515416182207326578038369047396852307811262500954306618915396746725337250402639442996434633495316960523
64078209129871190922610034499390697982755960893220983536040786872628406600129952895079552971055490251307908995246375369926369866220395031097166620266605745108099966128807276754073855379615425683700205
89718374516159080645583945898368808637210039505941275346336601650951185577256424927293735093805639422061620657494658812576259393117085656814050361468299542512632791982066787372771777172090783955209396
97665407139805348877522789493086431607057845544045195258127458830463980446715281954464236355066798461139655756549877277715464855597434792827055666844291234969408988965730100852233787327773772529159446
01163778429503177572449976061048709539029476375430405853245340827877270621673394649368889503555689685066908749201097916370188118037550291395915147508815482962409877602123741216701566715821510565400937
78307304825342221025502103407358636921623525845219054400920438606497059385537333244175939743192114446865653877877440142711196882324468381650282405480257845406424698476771990604211045154624884055868582
90711387389782459995083939969259029430709992589771225134747680106126830070355684179796592599320853027477070629305113478365134074378579021924608659333333703184096508122487779638208113314307932738500156
96474295762097737354248153406185947590648059826024305916434039001959179776006656098547142544324355350234817258470618042310997470939968018688153507581964821252098321946420857353924950926842922842479587
18756620778034561542473059584901406774362729616985807982986737190793779671805401353465699123306863306152770198871077472979046147475316169412246513453750198548926779579755177939462168478877611450207066
92964672373564387261991568596534133893899603047775359769819573862426769651561587951784025911112229152664859838754470903963614701020281531444616308128805141849002857629726501686125845007274174292191158
82051639229735044073245775305458521948357352767535731981315625778741230910304629242040942570367547307448755756342162553152418117171984420374882307753053148933276620158446452454932730998061591211643586
84992458647866111700741193707483754992905725466776025398588124404492162901265225623804890901500405266775934374705490017638138553074569995772041209253577509381753661917939161309158017998767302527635760
62922001204890983884918058804068550236919773874114742177655801830826461234486510989590492321371164568839485692321125452011703272912643715627395253320054121035394398427262319798237007998050351108073519
82480719439037475943368238566242587972727779387915067504144716810488197387467242150293127092240543284357759522947955544546901671641018845428440429102361015813817691863130942356498011450654313866903985
03470894363348535655981276696786232728151666408637966419725365310360984411589950113705009450787599146820987635894868431427744254212240666732216416879212888173504243330494421193817671346855775301389790
86095609069928323409514189036849849572711873908557604130090067314783607234526604923669852263695511406331199238532126041316330003182133669291425672009463074245589995189139180959848662572198006273834714
84716269940510614285263880112259606557310808969582225587307237591762870383550284178018023977864287439055546569334355414214109334852005778808253544302088394549585422875217573447281447517815889179425466
43703689967251953680126434916514872654620064513293545816528490422387186982184789328245938242282540300365571340873455557944901053855224314035675451068693472990242638260708360176066887901103045001015263
09370548060943552640973504701263425455195840183039848542181506189212783996097557648805122017364511210933692010449536846869037052941775449240237270372981011626953869865397265439661007940452850815229151
83289741251656927034552313570545618304871316421106320279138625596593659031807152703384978520184406884424164778226518653716624487599765054798079722727056084130494394408307555998561301311124480855793490
24860663843986356864986199627837410971753235684139581822401381047761884520823259892927331748818039966673419270225995357984284250010510256702485561541028788784314436768464114005860310226739970929297531
90720948023018879187792477230856430509033148758290448596760348472773705039066031411320189922483878670265955064846470065246689447572084776908058385605869327495651575001916480849512868024804386799966326
16171162072195782111595164454769707969941101694767087069009534034994152433192102350278583643064184552982187908690386850921840649535814816644930282415999130620095602046353956051261569208096542355838984
46881787548232011565741241686987816812825917731948456902117277413476837585679610207452759105555262971864735900708104576980131389703694636953366884845378364116661876532844450074998527887118262744560235
53704947144973982924609999548621814567711326584137370326240899075869733904352878811596902353345147761002437217184492349963152255648368686188571060921643482147761738564990076866194835961431757021267017
95632629807970253910738822938778162583039834134888557643705569023213565439494088287469581307350005921255746490797239785905324877435412308028963511077449599489518180643698649682596583619862788310761664
79859546468986852589494226069603651453738924093262716616189569865249850758195973420768591888860374022491740194281729053193638131731021372791596364939866669831916535336234894432225024708449921263676304
77633503373682632239259590130885431709246975618792112802791079505177226169289146343285911720101654435000848168259550011120765316338839847782806118510208402279115982717493311659184372846746033622170411
82184960622391440442587901238719213992663854322890556910700174559651128573640333496323781016420457359293738736315502636858617081169100447167926053946681353228233638604268068257896879210455438990315711
55632954233663802165825256611959536052353581105313256669147745427373723663909911338754738539956062182236635074993063876673887347727240672451443130036726016301099567514986000512769815645818603917264853
12598564817169529919263710296926221549702032474141205173261262384136798501208278607547654379188787675908590577036953135789429592845424808055178855064476412511201780258012315700657226311628530698146560
35196090811013526727943975573942190618528738821052270636766948057406680359847082279835221162833658707527435791962334601547198509332581272751476327545403736723358713948001101569458764329851120850006991
12700799856973262864564778991895158778219712016264240822739509733074204509510325933537536150113067843147677463928875172828477272807206588300941071522615358629585819051636246508650211480251277019589465
85876039144984403118607612204062626497223251579445799853206443001602323564397021148492429051994781488011609524428373338643455340229349779921135155996488055319386524097651292257900124642638654031478194
43595924080866933015537483614284675285697972795792509469725069059709092384765843091494338160195120645751389983673495964772161044625914549205893539602388468901993180021837553620450967270615085446173046
53406923763631935216452697547276069502586743137692101998932794938354477034750099951773161672012108546131631603781972622616197978693973098718972722548228790459874166072039625697219596608980139229939974
85902590270087763936720198203721934744574431833580220069339078601531110173923244182323914716333682172256646453723927514732397756465326721983174906225368373618348349064680604538497475555424417412479959
90375929781811682312470881155905384728737360774660094179188960168758154358541435712145419949939344401258528250916734833841569697517334104974137845882525974539976643214723524046802471929268876047176508
98506687644459100642617677350532072269946925883234160528610944150188793963490122164041575901822214750873350762341653302430887726422485386126492405164917357532208062754515417713394647873424233502634104
54555081189621376345103025787939602467811923784610787078706871885511637470211119168028055416137116878499451690579705089663980301318212774905856570221091759553635148334113324080992479671060286331220246
66465151645485681935533940905707200537447833658648607039953908946668064340027607098170688678449537229406887744109711339302891389323606720184657789387087749489456176156952962887288151340622791313952637
14870958568242523686905325732695011764515641524451381494562092336046449319690420262085379109770450285880371060966759279265971393534053209781786487302445229024116159229176151556766147311211602916502065
39820025189544920668240473479453691076742680202677085304973674920951940223120520702811399353930298168268291394940759982166681152619637244283600206800277838299168052154482706725333765181930097696819282
88440200441456631030294736256980236144140969518382435778794246629055568464039777705996133835170997543995968569593818848634576594216334163899888384201086957738784677833798378130832758518498748983592384
81186532728917560223061537810868215149375722797092728434442185360794974349197081466479505337846205032139597900241225282833340649717314897966398450110511502553177849348303338767596767603613092100843224
61502164679029383763958379272719111522893002509448472871782175183759213470040706512504050003615572744180118825538607914525307535802839486372064292885482988742744480861866934907511751830978429530263817
76190889222242720356495207613084760163148815799931407336372542924633406811215860367651745849179360406626818761516755929580294823626376537840094265828907054949059370754803120986428173295236172357043863
02626183930838326641175789759612125186973968660569447901393243372923698315816780766934703464322120691910825913127713649526357659359332027354150572001763232000929871435095120738039005552309419303915626
96726441173252378692654236188663156496060062061642955810327724696026536811025081949291817567560565991965830204635011800847585136999434257537611130179256653847202003746238175005264984813763795752891329
24819618135266914731234598792573977212327944297160642895603253440436886878272305992568557737801283792552099054843167390277358900970689655717396974765450597628274090725470644257107579263138862836252096
68339187026053823400553751109446520589482281585131857329835804949265782837784264747748636192778211554298518344884722743990625296859813856993743372718026091518693986533420963453687016680817991823007673
20899688616358584371210137574349665836509582380673635949413499980491896718947317592926863765518045924302999337108760954438090837896554678960821081048720890921611603579897330923063493407468939955656253
68276742724603580822473549241109043011977077610320360181567170421093011596922948988550331440371545037874824346169213057828422307713363099362546698361011043539323006918506082151494265991248128427472042
48948367336328632236232152982314815100723963112662747004789425681093862218327173055405194423320486976397687527365665133356355939804418912601133480280028406966169115401121662757954230591731024130078202
47537130895427313129330996530685551923387808908038459501117469319616331860081332686158474077772771057691760073048414101415379078091673144352477973444057340156458566409275014681068026833783083537880390
76502546884502740289130925790940977527671069218502297957946790575296906265737617280069281388787480521522960333139738236180177462469210999735264553139724828541310611433530428783621647419990211950879842
17792915591774083302824962384672369869754946233564912001809042648378002299118606082284824313373561852964924951836942283180994900168081386697837247413475558639891139522549182945343588372002384544457043
26120911863738367601623444875575805026109583834949441681120532054487201799596043029247502783385813948732105560511493603878387053772025051342809657515128727780655864204712440868721664665269673515087710
35901472085872931746862486184060860374583536509860196336775143702019239675345759253675989941594749012166299019117310513755221231499043336112968005294165924780542802003700780789132703827133476782775662
86406959881890956303676553120080759981191013274162099912822118149996603820418729480812455955117044137665594848942051705346490355463978260880132469110133277704887958673728705339938209512953515105973165
80297188251712530085976881028001320104750428429242506639546958949934800398099606514194128648728680421395987791002552511095596151790815736953206977539924608406654002579490547687232267450315027681203358
39327562250942429041702830868182631516461819738114016324854523248583947037645574763378271377862958621453090926731904950073594990434711555390284803775980240971584179907629430620795355719313608574862321
07811553869242885933651930381882019892962675645320156594589052257894615226835739042882142066755775083902028008896284933723547959385166608587687395841596757735595770172414037680346048577086119278582105
53514300154879749558930270608953671889107377262030085937227107057779442295604045136922061914823640160932763169353551505097845313589722942931026573150889191028451377326523771046066256507957479261811267
15890682786298922664959156623824060418421450600375066645696416981073644009174970907248807085686425293958984372898328985130070693822349787017235168389504179137754673338413517417470830320669119538648896
82007142814907215217303364512369259160533748053457668625683846470870529180421293034536914087905533787742404432616734731742579408516961933211943401773168957949652265834809661038425553573395993737473353
11390797809086286383880270466136302143944579597823580872237196340241190391147506733123341610392284461393395694387429124729695330568469148141373794285259663276859317798732552258718890038082441789815449
20206673837802982985296776991652906084431781933317304936269620011329486383404807444424058190791825125591307917091398591326783042249953289392762503847014633104088538724118780934960222217926976868108194
37011503706877063755816143287822404359136208489278405816986998343898477626264051471151838686329277208065004148629424743331769557428256032712283755528063112160454064370362569511397466119741797310574250
58094662797252365013483185383167827966189673006111272285435791060261979926384425096355697488762467949259091040977861061299422467018252989739484501395288883522684713337652807873627921891194793723427131
61489669650347198485973939408882213240198225999782851032925009428578024311054635493081226104846118691979135425407163464308861433363821316450548976600784043917816493358805857088575710489787816003770927
48181248172624391842820785700650666434278861339844981010238220541190628098678831990864231744429362740102791821286236931795487872350930631584879288005175605352815110155720733614861002194796285004216890
59828281473302372885234160003518848484713085558159546409634928305548192267942816741998804974930839397856977696363342916839371842217568941204059128701463605344949459661237997444075945391693368558779602
08122352942903098751154455840635772115980598912266702966894944977481250605484919231828462784634558639373382061185529929716147810381299133580876126829730445764624747029642612365938212896328461480966363
87538028110795794616192955084468142181114816528446746404343855964456474194780610036963115833213890238296360911346601893242566782658512389120176293498989573960916740918599767414611950512208379556075467
56970296070038044100254200273310267645911356936516050789793553912349369054105067138117228869064265597109148824326051492920474326430394692859294540337757799269312355444495015666624394552165771506323328
81337600095422138481523926680664496476897343888652303049149421004140091068070396379312880004705038447974847717954297146112640103207673994765560856756614833740045798589506551668445236517645929550928985
31525231192334206285555027683851987833641852820738206896619644335739339138484379929618836314691568807154625437772279822577637003195787260655569406004267502456371105708331309700248918019508858916518576
94710447004524258681035852645407287355448491260587553429352334041229408938709176281008654687901266825987659530596531679090914676308315208723260403761742547394753832736769819304653920442574008430179487
27417375422324044551648742332349349359923363411619449409511599266159782564509215092413968006641090659730487004929997400560592625086893772631391178607019626932361288311549369520838132822539011857720308
57496407996693461136273307283045083788381769225303159390981238823706007324588721767994140189455658364900619761863408323748575975186255420596453122473248067040260314097283193858403396562205559304121069
88768596791329628847071448236296560183842680758287418442129042887134657373591088703842679888773349188831758105007877897499016084489600989033165684543032045562237020269654742456213834626196304354478329
28598338316598609673528757788138700444782551264361571595177080046995637341882339985417441289133207354574151048508280161506876183212108184738188725206482862499311228735889366347862743225040605172855805
30185073524004712684080005311613692752787360877808741567737950375477263730304589403416200547203758152126959746159664365173317195228665709096259004330764312368499685573062967772222821223330098355415014
76618006664370063111077100314728707432063674832327562762492341689858917276685666159696475828944303044999371799602944154298906976911505836333240794393758395493930192940093502098202904450123230546163781
96468282257348347037040171572731282972597439036694955062085836525532426140843570081760541810417099186816681121197023388039433032712998939317531617706453171840524506152253554463968869510207126169473009
54933143834770764278259647447892612490933637825801674090772860030496270552523620841568278226877850828649397536159385181463926682339957936325529275019239694894313108306572346852855857359471037537725802
34503736885985215022397427890594705901814068932718664264626321089503930845182608612861368392443529997113348454909262658660042630701952136629688467559991375635093829453340673472696814414932298520324881
18722089323950287736811141409245810341957058385615213404872906974153494956966920473909207001432000067703730189068130458916094525765097788503269100021574152315671354519464808278775192769738424954690077
77203896572080756702509730762683129364592942515451780178241238908667161817580322635690893324925133752142698455921082909769019672347138920847754911259906673603836394454293005463386846961788327927819888
75869615295861903189675879277035053101072743325289450701532276127672271811766589314012446210440268275927869904116886329565821379937033308544923986160677808850148844953526956954630153663570877166495223
27299476860232002030673868478236302707165682163640356335358877411962119016985636805876684588281033680258113150856389829778678555677650365660755822124104582972049290683501940333726203060798352899760861
82805322168650594701802503829853914619864850304810588748887027508872995894722288469497926139399001382990139168533964849224254142074413961443649777685128922151089672001457141859089756303149617554950127
76593464585048689699880706971989653571097734374996719430031683667213387036420432560560734627785844030925665623438611387705583579666971146695964346942101334566901105278989123567996117466108829951898410
99608720884675184750358502905056861440686989681633806806713142886356727186367297878987008893592333514500260775918614740988724195157863886132727244577446499194689341208941076057128802092288807325938736
02062043045268315647544331060592061426018806955392838219503852550460107930241920294620417083744048885210610875874970507778972188390713590701631045204676409440417621162015360079217186588422599559203723
48015910455270765312518453983360914468017004495648191141938572490476823085736240767889456347568114129549333554888083117335556891517468603759931258294951472800519909450294269605294742605268604095356411
84310082921882407398484102758973504756278416843378707204055561556258523478476578957033697893804278680457834717979918644082623945834515554191278959169710550077831895880013556189054820237298614869883727
76050649748788186136121233483425689933660266405231678421946562122590039776084677089992082029788796867715687147793922295167790454662714336880268801610773025426589583955533591742364478698656043345511113
10629317889674634280623642303913121137704538596920252500282343540463794980537393670112148597112577106409253195672165661899699233977251344692560402351585572945171587734008865579150852211885265337843571
12897230044532340925790296574281776109916029175601843629142997735401253395965114081075781747384136120300671486556838850737968316058217352339370128899357069551102797519870018616786092440083750377043118
65489694956482115158127735429761600025244046643228598602819396974349551239505209344165441458993021402263761532866486581753963928661407066239360964036255866234638360317770092247312521549313303845917951
37785386895988588864184771627689099205324558748759922762252410668034590418512195697263891990074468379025386461623397736188951593156953918855284372572523395664287360315169258809065281031675416735094950
19880910243698953554489483744616997612709063024927650738549904118619378538360217238776273168300553307347503987776674300190594097931831557865501815285313219549529246310696869883513513721933107224454181
26957507252812815457532744848991873191823312216119514347640980573705234537547083182112710573260561622394549446335240452631374185984623770439101707960348742463267417923341957912972499698391924793156149
56031482387536886508260997486006213402080396210022632449341042882804060268266840553107054982751749315757085237272947040722752351686872570795176094155727409835254819989637457861249566089650593044049286
06122069578829643140094746745233167178222546348028547725895047715971138106876982464810446571290489427613271232600220685258564115220746550661312698142949839293207004965587365896093912209380977291520177
54806117842612082974770608016588722936984854673223170513017689376058597007881013805135837502995557560880146204274753235062384003662294520320420506088117391526585597105018682456755484450337664139502283
62067067886723290906776320638725313976698378323929761726116791523566679494972482554945339961239866933142286698257314392675263724704138780074565323685602131711321484567015860210231731534935732956079834
35090582523200703382085831166721191513332336526790016854617561861583769414989962397629718445256378641623080801769704773362153231962101680334109004064399049274427576091879296004629829329021372536643055
86811625549391617690578106843552593495293467709311118399365737013123858296265626519919811030234330396546808977686543240943140978301479899798338064166124532221961273177316151924183047126871783361733926
40799136899787064470537985408354608361617843011414857714399103576080839087036351459896183936751716934399799951026428775728278521908767181194541990380349786876295381294960518501039464359168430395090355
70804699857846524466790916271537312247557869170192249783308551166825238882750254025820800458451076472226743802689120049026956535265565321413727928588553313528200323937795265362895529909824698044441458
74444909919216418576523939437079814389261818204566222761339505232343428230587075106572911398550756311480093717767394587022801115999541808999083562016346377905337616424734395077315317901420147058690598
15212405324018601384930887098184340503991654764649041324888771809705839654351840908803241848581245705000058393700601085033431498949437140234567333589800113548948767799256003365885656706613385035956459
64023129042409879600903117453314327373494213749271557530459336051236978692790065314618643886443893258879914813285484343051459311359650214216159331667497217020519760546056192200482900844612260407740408
12610759974356553457817123140588912678686774835652204291271106139712175061619897915610627435973669713789655001423937470548351457177414148154382705800328129240828276787767201937986832619462345021886087
87512813883926294853689621737409782751203745556559490499934572163794377800866818198352789300327161915585110018862013762588039576464503073745627958498541284841743929792024232360135904606897328174867185
78540103800495480762568450208425819967785786335837221663063651949887569416341385520735387709825523902985885767691598349006145444679778147242982482313222487691388510438514817599060917932441081426295298
89612733512449245782438990582773003921275358567324224905105666215261387150393285193674733196788465289478117253267574415046291686436623463855298664436696055621456974107510636272570184945829761143065638
14755090278479426246677700245622905467523298148525618741297832724000910997383928324968109489726341168821291197494399607312156577818841308031418360450283555954021637610036512904883138149166677608516527
28551524256933701869832490534505240945549238253102117253637535134485845301443077866992269647749995947950878860080707090782606896606389759879830947720762301174052907845819315133328471674396598371257113
82497114031846135730498982947730762229955763465538313562934915849351836517355209691115879849153435911680818620150130507417186851900188530291351642868388516722764988275772462025139200619385499045093291
89315056497955343566755119358990506159889072851040639220129777403206088035541121512753352316480937052382611006843963408230621134915484579356656838511831543635371124718219199109292789022186706175008951
58372734122854933474838469526802121553659888416154443213243905009569249810613482562671365206219130029115834111319944497870088435300091120688844319698182313262782768721248450970972621524635703784590953
31936357484088242120337045734113758606656130530402018203521334355758693103871327415042005494596873044687243406522405634849241239601442803527211634864415455340336173567766199194413568094043584930564716
41637259360103978299705152436173902601084281061531350200676036448952660827464330117063146570116578354826098296325732819638563630956331008486597928642292197238677436961084835324562803570985548534257070
25783295204968910110003966257465263261049178254987830401825530233511030100743155029447862361716460544952030967211490479261005923433177489815692462591399875291028659703465284858514261472130791315681462
34730812726890338307104017319620086726523648379415654971076779733117717502962440117143562629357528944450279632820605700368467756234745271688930275424271817617596602936520197040122020959021247895403044
62285395226735060682236502271658596345414588895858131226709026857989035746364134315049434048647403738402764802517971505911042666298703609209750450835697525136646086895888552294803031526048472501303240
14650910183284121298991255731048077630927601734090319245693721648723271019683185851558157342984159320103262300577612951420299599638294393271190246822265993201087846734359305301689446938509830858264095
56090481607611498329563962672133768392641254858146855012300022725069648079452507091092040561306644571557609796038934404741054075941380450315632887658333735592439949538151163675328340452926366067014764
07886551087620116295230722532359271180788635298660443217921619007596898075581842537719730749466012727388106802509352275791741015592986155702107897122343534513007647181204214954849572061179256547508791
34448028019956859553702864058511770157604017185780445777216092392050166265019316259746956247732829876230405976807411567224466750554201528528721674828248489052371692669331650476502499617262297349675197
55135993677665038734841401617943560560424860117749975140529229826988269361037779703694715683604461523344571660575767445915820214734842884353805806113463988133880958116287731845424947974217805368475322
88560294971694085337231348947068153603789188335257277320890467682486356404301816887007683315495867672263573026547790006478132983680144300588266824981173604997632147113920304490052245830163846690130749
85325349020965984394794686689908515936874209883294859141158850782011354846654119918020593691080790053132310896472531416378203445330235983949702778335367790153596479752365437861548694917318502520038467
15999746908919061761161756107342922589448199071653422286897248171288063622748617447334423226640976392172817205928942570168497278580089025222393506470469054307639063430673900644054477258596573349762620
45708718956853212090473934555948972637945135314242701209456166633444310520391913239072011516882578133897623999422889351271188881590597485042273676446469333244802387317286276069983569650386683808862420
64184632640377513265214108961377794970322267906866210630611539442292161121549506968955739366329600736080741900861071968819938851977498214974201420300378599709306147033292015587497503139876983309741389
23568209336549120474024840730958977460187517295358157736437126202077788072742212679650415571589832901385879968879710057510726610878605223257046757064121484275299035469996826814009376225912829632869973
82328170301886557214068740950657628897137474659556026679517446496424119988307330519182671043413442733350011711276866264479344170864826976888271610237684360425797473918332918732286333109153824759415832
26313970192662685003265190425354151335386109442223282130065352474422646094641127118994976970832894213498486820569257316100849915096246790698593285709521770071002414036459799158691593313210177777091991
11526479053898373159265115766356172513707447237408534376241603380725131199570678345128405338610334521940980297838628876259212764961986240610577476588512889936185203140534138369694100204363438526026815
21629054165612951616806403171961404721938246245927834442178269463943197776263485676973410253316334073064210091726230435892803277429170182437129104513899031143888248636847929107717545675256320418030669
94319971840281099029557141506809298679013004538059999151937627641225762027601873776125749280874974153961362798079211039326147288851738560408839102529603464543243461241376627174397728563792708303820533
41645956867603505786016637115857163958103779055260615122874041680977133800435632784611804701312678137810678268179967800669217950445905429826589541310129403844835556055169799271263305465251597260537794
36740653020482410378663785739777264890469889237124744089480759557133507220714744190409039255870261264934942288703491121943581275657195888723984673754479144480384872395488980018061759981417515487683502
00808880587805792441424036074927260357284144630941572669379966618727085911045755835322898504872531565016482994488677728393825323523556471973168444306284395983814496887203704612664693302810729177000836
17854363222745310545452383405914668025136948841705088035148750710767589441929587295559294059691038171909608057902584774508465801202111472974154628838167184779462819795726017762574622757197799222497784
24306445609542379856134316097015545986855853279339417490991021392834198918084665175333956977284336327437485390872939283877423981996496882354909892753177714374458801524780124927203984636747768479592519
0413447656323149372990114060090252668749674589760882893805661105378242908829370185991