10868555703200191337483268163155042175351666079480454170381608292831187544095900264888634530128611659313050654619290041395589027749551757765405038674987811930494874240250130404362193186499799363957302
98215000524794746936864541306567965175592668803719438919111595268721928217510071331978732664654193387984856153136519925327498109996860680484870927749261971040315614375654413764804619775058782722750226
05211686607101305563668440390124761496167465601669267772237989670710771197899818263692563279790349947876186201190976753240155027679692432953922418930824680407074688160423528320848228537729655714924302
29321902801002042799708123542378267991880859394039653201139642022598444965078982030682745277394863229334476151799093911814738332374650162268915264321929831209559801309462627679364783652721507430794079
81788984938275974935697228511692388671252950778285375628208431727037128638304050428774411701532418823008575242221359784502220952288010664775607098766043835696317783705869266014064274865178036787565040
11493186797943780280131166624646147980262723835756324130602648974185022676771981191846129111355824194214218205924097825765562418865915106946374854682521131375131966372011475482574927467340688288420715
91519481847158933349252712825868009621382847094872583722934843626988140747062145369854091116414497896357899683054951942432283220719186069585113321595943462323550595547292778747310543044348624227992119
19528867872682867755972407569771806414459551249342704185405390649662924593782960649407826409632338161629696237376920226133140544143363863437857176345275575409098024916567832313374329125732975227182616
60436078288338265188338663106260432944651436521655355163819604345901461426185335870224797301681296109424545436688033429590898975374375516802845300832362445076419974400195021347022796722707135341786695
84776486926430705897245865905011937669269204340487752961673866993085792732033004244658598999503443024785310827015028696124947149815156694038220941636707198897167330201189421542452258992927460354260429
89796825868839425819551089834697757615422768693445990876261592342787934158879354567645382082614675306875327810012615255633199795188110340758410872374826309119251044709155318606677292240311015709137629
45755989698263918419129409400634450122684937371567853970982589328850342015069772219244238548748123884068583004512850402119803148514585673492363808294436722468485623074316788449718456145071859779746882
71240848876878725060339631977374615284268052390439120046928588835362405518147312523369818012285546389683861190889537874658579495865713609638951138820798520374978501452076369547280758044021950253782065
06739111204916202287354225499463235416026579678683832465721786405939073703782807264577096545416061168283954601608552895810825965346499098055609377114811691011225622137201932060992111895811829677112009
06256367479698156030822836384542638796826476329955460781965895892940620501806971444890126273695540822826188986664513353783174509177763576640721810991405928877743464481301639358360890790734468296725384
54414671807278933053974186830680332069612948619625213547489469180385696166934324407543569416358049443746626257866766059893819535002351525933840678825400456822826860906465740901286525441731528652606146
35249049787700361665245911892508086465016594633310715249419482894685364650754071506342490536881870502762244227487682376388848926356207671715073690205979416172592730645223536320369655717547599276391625
15258748407435259021002520220188123169283588627640892444744778016024016796634934269644932648332344855567523175923313026091982726188492904995256875007277888212573009769510884142736904578516606064756135
69377619183900116901002888617186254071530156689737618838929606020568362528678356487387177082393073955476779591928798679379163440618333360815372013321221466925456844457783028939120444718828568991979599
87818519700713197243942278674793301837955238155916508208791137656944137081979891017843717076766457626394477815728179509309541845838066876209683534341821885632197089066157001051161895322703672402592103
30256398213499464557068307872290194194453582872286380495133018210112073090833818832253577469312577766664477773916174046486398121374486825530574843520750299396473911497135203091183993194839353000090273
32958561650309123502819826852805772429138034473980587267402489078681930024675015326952160343834643915480680061497016056912723521825152761873567161068280489011607993070097203698901390475029931188759516
15751486174295365192416607464397178482846254028277413622217714295161218469703336341510383319578576549494986571877068233717747364911698519876406099683434428378911561643932976164516499489225863166665247
71477199405315944750298911997248427821420275229065742341528367462676725777056685980209914626604282652010825761317889590943610165072323501790131836595504887320757314180314288761185126270578638083876263
94821408539033191181112941725565442729431389880929929445489065698550631561775602438173381255390324853701992523140779100742970305250738179277767061163720260817863704660479170193382798439604807342872048
58679574376839393370866010537774956736475898115195075697230109972807769310287202529243311425024424423170638252850091795447956837297766189407999335471038150378384707420895422531300083553341445037922340
20883840603234322859066553496990191144973570175120728850067132719974572155932072293168210909463698357313719702755105095097521866295264345540710405749629617101457179113761169337915204854785016467587578
52504121900730168097074493050649020875875515176263815599780268649904398167514741026258589250458394263935477719691519327587263281042877736783291508325589093777056388922681510170354932765461103566147969
44390790691049346961862062107795851471202987988769265930797159879976340864594113204054465484754626319358144030152262876567606137709062341244431614727412040401591219682362424006393310471762512341856958
57566048631653946571952491971302397196675179457634011540936872408746599567152208763799298313816253030286148839723124085327408289217339108307586566367954665886181121695919328876174349070601873967503050
52115366968032156205659978305153700943432072912018392279729547833347894451583233854454329617949329741655558693009977010697878450613697587943378439763356424210003774555480281058136637909462885455165533
62034920700886357389548750434928608009535745115168355413050096477878516212458879854535148890635464456050017196514073436653909192196932951488991596210709185370686229941263346888574024927704746193633149
76908652498683089849314686339513795249781452218361872370119395526960538015083320895650892746169999745372666949003777987587877566857969448089257054474906533089260014357519837813177998702847575069236286
33872926507604248470177760220639421260731809769736268949419938213791649179318460020519256675198154158353100101960219993851661409069537310575309372344651006051352350115338870593048364208654037575448180
52688588360133482100429728962527000645626293083847362185501814607384853659736695863558932455926096636028168074435450992031375712176264936386722108635271909062430026451772849813458183563855451590538050
29240399997844729751928506222941131393268268919521967555863463585559381929443633198457149885151351669853998654621922937673477175519855653199645415046096219657338378574911062996839386913623747850207043
64452735255708042327408279550723771089489948696261281910453084888231870928785940082180484020804234099221754741396725214934614466329066406718484200024838942481638473913199860815501871662823768603023658
43968681492881802209918495869866392203132300484125238946890331276162443063728463712413465190297561516472076428503855864555013157211008994440386655260744860566600026278345211953258347410775650978605572
74290043289286094482583093694397775094909470658919097123146876317663495717043072151449800319345013371712501701785469030241770409817891991304549334482797208907536222655594834033920066398291428717044262
36638383538166519800821643887706467449644432436346480274660695403770749317902883768004833394552643860314531118014776157941037002230928482154255937647627576966672845204264636384198302843374773394954399
64519635308937635315209409959502883214872229835705847465265635659676559746156720896364975230937678874857827065004178090830074802299615338188996265478675771202612442545703527119877277533984473590776775
09672258726854568571432830008656459990995776623842103451253318833595976955804240705767941847844305087655132355811148531972998697889358166366864531292993100775305483985800670989581667089044282083320316
78809359749837455607121611828220416752827713398721545969327162690445650725767754560098106344556885023481428314462887140023728108141684373510762219863404708462059187714764142087784210187809895596600516
59825992163509576296473909682450735666695267053737908325513810579173552367151443230121518216336000670542714438486941422374088567794184975577140798594147068049916696382776987977868070878445704068118717
80252402244448591421084631296621008408113608468563779581843346422119679391136241185763454854406900430802837700515218694731442677231379952180532388994328633316171567804160471658565297530093699862660554
24517454112536971487389552295556228956222049477813988738845322885495081598287634691518951157423702516494499054322505335052892818017893896360526234917058702148656065976159256113397759238209961466567369
28632172003006278886261658650515947952135194188771611490952166979496643472619976828654088484489851825511944540095273966098778314010152693791487937056841551308050952958303233830423809813455097593689518
19500143685332942404301334190076105320796885925671406960807817575689792406945712237268794632218652788641190065962857236157711602180292965016488609344259760672536737336271163163306776872819810278645050
01720210423033650220887811449103573896220546116735770189638137198980964254853567915487222403208319295659147521354114695946832315615859243636902663182019142529921357202539649253124155341724070468855948
66061127925757184530939728702464814536001598473912223339425452299771107544865585430640266350394832212289666437941395353855782453020594539364894745840201960266959446869762389752963636988120016619496814
51431381705972353904622658380175498675011240394055727562159944375543901841704694900597341644354272321302294561821643525879137978616386744593192462778049747299171882390976756781131300470667401310865629
94664530400928656930538915605443777095159012546048505333942895587583588800220902372592523134507449489879671816737760122447851014727582277115676007196388313789303637750871120765162656102867218109808158
83662769837350624376545979322130384944452130754558555078265879641106422174281014697842211882453662821539188606571664026373324417908863708317776752130707261203150175244456805376727260786534640579695702
30411705971906721402553272350038464996848557318962879414447656907389147615226447292140715559444404184281597430265977378427337192081418114932460509478724617561740478667535122343964768416319540673682913
52163195751952376308292431859285752514114221053622564551702518282374952141530519050353905674055815644740633077051861225733024927906743819611593743747650588248493873652056466581385897391728741230952172
19543449829702265224325282976038740027271890205220995184056090242329209515848151360315243024382206401665116935238782879046462225327384989240217679908743481737942326412267662434381308486706748615231147
88744781641122588223238111563989847386376004483749389013209506059428815980689704528567694093292525140121210365270882601018277622232684830369167437788382190063656288275030003066544014601790806199044917
23754046962633239927180627801339421478796999106690341842041488535685399642282626413617686205425903165742358143290808550917680096868565331809645131716821201258074772329402461823837424061944759791502923
98888320671736487070293976955408096100055648911641484825847792117577976272317573297819212769372704584548109602138631645833942832163665840126635606861478055188798144352958191153206709857018189289363203
03180623214429341536623027612551196237931525756732887403484168085088301357917165241854086227717172007585089620083692381109331649767592686137662854174715111398712739275452990181126252313227418210991448
30399642888410127341573253286820989770908302860788587144493729679816330036928521288204503524744449893744868463103711911658924457990798234281482580852009518407523576542590400212360439390663886290962020
42303554839252329505282443725974900610331637648649537488662986469324338883373291105181032445152090374068210547530468190012099905954601139280288213858476900658457067325651826035146666689318036758500804
22829274199845832799116015013174313669406743931808511956370093195922004773142642401308091204667771833238949822755470649212561700342812848375649693549559543930841955568952782605070606664585561137055609
96244537543550855753492681447659198837122996363952354372352614568874046983055471465048426682749994800253504617626240971910367399264486719646403454002469388422428583495326159520032061483509180149134216
10388475495119286654462635357537191462621496008312268982488955442750291633997470766099376852185246954103825139936136235819068392042012118401283400212183826961617508741649853793759792003734581143014405
02575182086109330919324947850892404411987757475641738223941708849921302524161606048487155095230215042832888761415500957310549818700062025980308873033433826532552569775056937286270914602695321587590509
67858331070100024335520509515069081968622124685895290864116580487258261713844728760513811291721991881057756904205766182490787114070567840430781048743330214248301651706099407628629114915013260272966186
76794323412174164943252469742697340336757315742670489948071795169291981528464901680843042613578028851076712649608412897405982558140364782685671056283157999917692673310031586344862282440608742423468170
13035820212326526367651813830109873713202223289559984583109977996102307690784180357580682318654762909743577748097071025848074462171804798290908768348421996649319436126443179266189768057251200221315200
82208572175050321761429376880433011776658155594721915004763789878523802709850868024744435673761550871460644885453750770073713847650488408047377650704613625272467313925110995342008156219432740588526861
22141079499549296411246372530372432999986272144116224730848414894979436298891994015320995604144547067620878570053055865591988988426966155773171374846291191676203470138526933494444177869394628383961595
20877154410518273128977589923040724668435696800121154464559111735563172623143305233011610660584407523839323666168569932418814987430102517917577851299264268459346861492678954981456806923406366335568303
27654585796317062113723705532185757456821559171241725611192310071598530982139378435630482529371762393202700017513967665681756945018437312383354022379875711696913195412922546597276112888078817058276853
02970870884399636494266395145742793497609408925598454042105093650846716996863888547754074200033079922886630101318605376613577534839198562070620631304266431586704373999367458936717659472373093771041789
14866651639544416551035774914658448192306440257822918510066478490108493954979872631033484274013966845231965999153325891887986983057122124684591520264026441409367692858720012677219605252725413175520957
53913226090299910748020193023334257125062743148358908271496918082420863861650692345524025449929480038265484100442075255039026567957515831889685645644617845078977977781301009688140441082868256706642693
19469030059641199193808217032956255953962643729844763954536985451714592343557617180276537298474705023974321387747732667742278254129381835247258372118254718522254430523529463029693315700661291835565187
44988812117781204373773398854506250674699454623565859790714993326918719991832773512854422210705135409754541411961628072019963548813896747941579724468766355722138645461712212858971104851358403380666763
17410447572594280689933847246383837868540212477220113712205426054237359817784358307784437492198109657925837828129195893868785454406604453213655513894877865214488878195383967182397017289923714917849421
77266284919714777347674798477750691357632945419203709023358383212693835388131844857172041371315662761940446130968177564857342993254608716253874536926425591280826253586131006143064816926143750874755118
56988647232505023419624744739763159113081063309595704906810924761196437095949239332165571870813985680440608959300831467307270644785557726427642933624131248150545069919979481182762168715976731229711239
68486089288062183234526554087964023837935112982295107930816171439363296462612666822096809868191586575128989379231536713467731180782183708997657165893461469322104508208806702334108317111653370210990579
50788520682793704882226052807753884096427292306350068480804609167219874066853822525745195764655007253197348743462982683181295679300040199740237697391601417112426597984929015395236527232809531600773835
21941683959578431011394363672310608753083286503616448143803974351513830450914201134598588567517631634946200265221142376883532901984889862759097020822760796064229885331681615725039710941461308411998831
00919244959902511626849355649099762389421535291842758291208359963926889203845720081819581848344078235662722191717274331831009094314722189953877312972528830843385719682061939872402617614709847222553911
99386370605564995098980294308332810864982298024347659244217510527721347301937978981436623848834943464149836929665005643933390645752820964504235786342097778866240730346363914055546887350409167718946643
02484470880934629856005690236204746778392837296471835180391544524780300751449554408848851970131088529715607239429642452432439511861065837144584336736833845972770820061276999992196611541951720144785716
93952570938312650554048477514153458767983137566776633003123982903075499723429451941043499697829457475046269642652625878692478841287712001279997805864586476681114269972819476193169725240905639804809030
32548244815779903813973595625753519845478551369775918100097592065491040620384780251320652269451558594806894797094255335216967562744443282579842116126767431855316546801138219579493953408528440000658400
39188740051501911608025636775844767366165018015269373650089517835012880045451564561504979545817996536131149084020155196141569989121659816642853409141217220926357144847110432753216614573694528974279968
44439857919426037790650544309509265871791696802676188250316960717839424029099396570294198766108868368535449661772860795435809621011838466464260434209029594393644108388922749432930847780757520980395538
00510054986656080239929243699881183622298389855927052892509858403755676449920209428641646757094078653678957555097399577096888516420924654153062021726576586162293617726253248128428210650008186780306733
82970314742771228298688289819109661263021453215283319956990546199157268888534531190340837442973884639725515240065024226054415610616579433012861485219244241370586209423007419120847774762839366961511407
21552691920339910682028214254431242251530157183267293418268202144803268004392076060540661835777290310347764077787647888855652244311890436818617942568797075399409184429894464016194734391729543879010415
04599969502875493500166947265112050296936072370934906606832343268590513443290041197834190077340516111913540862100377692291116586480531472372698486327330426404378659739514947783511122311460740658551531
05425813742563476039143059353707251553520199848385571306223626648161376391592197415849888757813642624216871680150063157840694548589279471151009355469806733627339087775679287841583280424667196963955985
04709205644962637545997889270763439583227497591887826141940118361326592267682625673856223876078003030573244023161461008122346650847991555469824964685251659605785952569481585675998981683122095864046686
32919791543003976587120990116589725209059843923306368616373486548035592567750915289474919671100834564019929635601454421663539934550048261704207429344105213585533803400937944487885076434748470773494054
11528782190303661688341330270848332056078068168595198049203732777034689165670349861613455500540061793260775471992839911489021843690479203287773476172709848707744862716390172785244887577017232262665397
19559668845198902148739003247672136928399243571204077669976995651851509116320485919854898321886477099368272468722526388195831863292430316615471479186373153823518567117430683107117956100696659444811882
86455609136874427086109443010327536963780701896005024785961285436995462137285682089343245852449479440523635351584834405460541641096198215001853654924481100120965366493114486518508231935231516211622044
57046278467271294317314373367804257679201843124693221086739258344845519219228821687281831911133838795805881659041278133870358798248385720102848746240733241070250779617305953760359360131860025066174118
23979051798081425426849351201493982440825049756131709113890305331420049645800786146607340922856828679702655639310491388425793628571554042181689159418164384121645031352668144957110949138552660994590513
61506650259129808399765015923488713117251584326617646845116829726518036261953290709127863996140523345333481083345546676726063345569302141302017429299406071085880456343886994055025937558234797997126504
90467438281737495665703234901197922114747953799810454870829888063249489972401323922947562607782395704053433582959292844323918639866059637061158186372345367467706905956201315684332902547198380804696607
26212019256694116023328314404104964702876214556370795775483997972602155827880100030655458704232930746312872463503735824745923655862255693733709149302668664323700657355074266808037689746585993248834373
64771608450423452984016877217616388742447783287847823909667875888654183400822158997812392261788673832560314620195739234863575548245096934896693872213070867643377665654574457005631193251742454441694734
73546642253555050670354492212070409552811420869739678046175558358402891071952492991316828285462619051486461898216309086984934295471785081529616395798457803250750790355841148243564508067398539807738160
46090001642482777572604889566421888173050766228933935854400852392230903663198265257756653600337565788178147504425236914284517611694567083015095509984064079195222531273128621866400104320105360467348332
47542855434009162505564900603783748569400021780617924028721821634774751807402473337623233618802781278025614636849741309927891448861322224656663082004321899519836868857924147807265777171527828822085483
01457250963780560423216022968586597324795562876134137983396134534446184933334815151937381322840856851586044285988158752111091981920664369306788525641727270144788924387567111051184121564746891712589794
80255439895167816508957553304148275980530072527204382274831250705745030982521672406596699911960406118474996476621809287910308636566975057144583347465288010014638922113074633536970624534043702344087371
62183856550176446100378950647999628896233038532348397216417644674182539763993363284296406691292061942148635733602879843661750977684880406261929237175983113315443208330420199349404979147009504005877147
32300700835767989222202284920794575038883173585515092235414046102455570563760104328629037421042335649924379032210657202264167642375135955520222759858807769495396008376021793272249386551292814600090038
77923783859127576398288825277159544243748291538991914213268634945155090034799165100889181845547535172568623296566806783894768344238457026145945058494135790997779690035407234322505323174379561201049127
72860640958347682797099047566051599921248386140492786396996639599966604960482220961825695244868708528996563183727964944261869661887185674011861553826399589294128720517147999304500706187783798098873371
92860905098975181422208995173781716523537807643222592849387170777791823966106049928022051444510773687742936565042186640501467264084540223280676107987116988728722365743247804070851967721114465124042192
63564552517820628865836382477889498592645519515965152555979937881080627930577082928011540710322258118851216855457479741621922793964280121399484828221522784237575644514287730250782154112613904238590751
60951002725690353993526903707594934123142109520161503564238941001189528010261671301178154557758515977689169661763580341069247066395448862121727467029412243829426175536144246578904011980656300838896552
14922628580042795377022714766394252651101139395706536799265268672525230623635828122508249793654782603016787273688018109224780293843244079460873513492055368631107192284011575508066370524615391149203119
79878090557835723847620658639311710573018040375124964208713903507804098352370698740421438565036394765609279994083543279466347977198699339507447986460717284288016858202299403350607343017072304784924140
07464637097810663848157146833341515051158610485314422244601047682061964047589519372044864790382511064079699065119939736919083751953226348915400625554205730003270656033599653631549470434791215063277708
59269400485391538924080491535774046689711869747958369991477039478975970626243752121360635132147129066492604420257976669354618473819615239701300461289602771214452744547246944693051452515755348620667494
19862984004890514562848998695379058067635731062571235953884828999927145425338249512637594799992899495859893666207936653685554900401431883981680066807021335640404353111534323914123892844751198239675632
73751184081797631881046129296801878451810103030142635370088919656632365800081633548122759675667667784746684743175826290036657728127023848103427987413218228764800716990681152420948779618967132675453032
10156234782787171852967007418042719102667753988007833839972205495698772365573151654975803444759712660340664028332470169310686115728155589879005062666900184516882967312097566861304211320066692940107893
02898931218094247086934333141533666839584430698428297637876869845800999775805745891986954769708657346298690058773571408075867849792574555483003198475806603075855013968196490442127894971158007642105701
40340640179012572867868779897927261559775297635149643789264178812502602400251737211593180597119630596973090638800434152827783750097286533629566854933583571175829880961585062519040200111251242541345713
15362208193744783826073886025441264190162919055885317487100723863320221216838397989767555721033315997530014465476622576465899601938487548396175146666826483684565135577417308380749686527089941504347224
69053166558867363617850511376144166024471041338612205788981414518077348190547656429842991523155894071208264009583865659193319251534802184011414079770554266278173369308966865558020243747139244538687164
82584942821050551061863418085028524206883594021186019105520676387907861948405928443019790604564390209598091867137170999443798427724259105185980989498551436394399261772876028978445794114941536025442833
76155023202861189645964912499869967644960689447594153406360043270829874441121357892978738464024666766356163020615602878890730465898289193565218535461517925682326183243883172012272439587255585244414669
55096676322316572069972558557425216219823589969386944771620622118187878997962466805445219006707637262489867050420044237647869568026901890329210719066082613796884059976248785710618693600957727234915725
25039899149748757638713997129002470908452352494828773434221713069700457090890485971415168718707549540132336535499999312084184895912278489806564577055582318216153925152200394097361220375646642086626863
26463157929590782190127897164185571355967371007284526419030438590423629234283234338972120807621848601833623239028162966214965473475418156187751253569984843417304842458461266036289593093980407222758761
77217121791357448017936027602614045501910001699213401115073054243160688707399076549274929006652400477000882893207145517678223429217812801853652975516006853467527088811181018226852622814026966976788928
32802973421341953669139822575350446097577012842113673768624159426230754993486181841821401323987899919898133587426177302160185013192016000150691276717305014902374437479082598519757879286994206348671398
50292646107024773400438769873998852691387785569941495771382091003015143362351949445766605184997825505861822228018198247510489313966533480637051915664937219368008712257875588882987281448785887308122527
04061733307458217764951124179811773206032817527112765162224480128928222196285509530312388782923232264438746943785510290843508376927630032157532196991473363728468649125288604649934305692830483751306824
25678034247103195017799643898048459687875973194017522733944964175597527453597882688884685197009313689183938340430645247426770945258093501679213749740297580226335427203644858733499013795001306887184304
58726755148919981697076536567429435899814241943702452268773301337649644457070792635492549231263136268499728499227595039411531022390472274815527122204287436244752559714244157522460424832357378423853140
61610250061966534613884395646818704346295887005445209396774084323630720885600920276911645517313192907289368997523878348631516006011060643986254504001039151405038768406861514148042525016748357875048312
86942477985601051034241990479399689202107342342212456496949074375788938568442826766103578457794169227485659565151273130153127971216333759861989761932980432360600739291887497294776429792978376632847876
93380981593055453551635237421357393186593355930322124025951351454122904861111851326930041183955767381439033270827433911761666254590057755947193284280060316755564160508781714760828798654091912614406885
79567758845753724081197791818210351318451834713695593219341606522141649274457955837320187688670360376240869331821370080964584293318275068926326404846256168174686142669523437999979917445489837137411798
17897687889531723198994121984925433540222590611688924223602748343389804358111276556876475774686521421361591277397144678087417170988331728018096838667522678103832400773029753662765994360147280726644359
09190730476988280996391378250343903724762623139817940198566276050143395244941599718628885423688879057828469199146234012369437270726164116659997515473813184952001026155991385101096834954194404924388074
19145686496950917722855727107487025352686015990333183284078803216092298273116455431565136621611881596845532926459780369731806894094962273414079250444025581617996232410897711381069594300433857083120926
35574307482023672453111488667375668256011776404367084197237794202902019329417032389107212878599928063711388713488576675653871413491310956492936429820166290180833097970711693022112940577612727199092705
17767187237588057034343005492001253974272027650501043304476576407061524179202580510508016075934034889925529014790087919620509486244287803704185002619321074617745690061325420152151616507197421721392748
69922460718461510348608035350986536543573598530746434216648242593148674236412189007301158637765359265331987172395932649589389203450262557666666209841555964614481399427870236630840006584943195011134337
91207228873688528699998007931953937758270698758120434429004400129164582764774806571681089647378027833053230181904260347595393291797469239746389471219225700183906554142858363978211262022898345353292840
66410501342065862826391217532501184306142279225189897489916754718697113319934864550002351593026837105346246191235814233089618585520956916304474673497962319431641294573741977890953320202947881986941343
12172719118493513611607926352529420362294864882702510315616752281493988736124092400646572189041216545360800740948122294859965126991119880685076620803967345961438181937503924524252577052550942637293632
53110374689290368592487956937514894582899726971617988520233186271730639054886759701024887534184690448445000385738558463908156302129787661304738758012328518962729088688741569461392521055430561528350237
63312157494810880236988283710859829233395436038167395995949573703936498690309348280656001378063099134466260967042514537347855052100972122586439568293414512672454584565952503431406543551643617440545515
51833626199496923203660812535246300518223888666507467742712736283752446712694397389018386419912992763461617489502244015880600481338070818915821967629950483304983719065394192545120522993646805164952274
03395065530534079784160353105518789937418941493188902424529899543717532150862890702741453010961891344090964205647690581797559102583950837704874034014559961082493241460564705813160670618043065095862013
62222723487093947542181415722868529577001664477162310333704581379913151427804681021624589365034990257579490382731157887979650100317707413452811005382554065171031905530484117531798123445652178592460412
64130985722178655343997780597967571362173292440722462401828542651514616243567298433087775384502863383639563004816584500605365652294480201321440658746205186481771602625057915897594519491713398988035297
77444872408206955425273553178532437408196331117871851517188864634263592108468775105408377112354234039459142296793419162831131464147713482663064550246785822699904279600022346832352237311716210010494520
88695543406941534040562186252678029170315544647031696112772476664964030746902048606343290294713266498413253988191644845803235583789725158016058931774160001777197464995190393044019162710861669436277059
65174207317955636554342434995850836582309243095555593793260912000329506134241624466699035515571669769971089687325150304353647057008661214072206823424410653718943044911981821077822977041973166426505722
29103787583993044603829149681919427535118559981432021350935916264006322207129445703276787397797215660640030756452894892910867592450281660285866680358219193576209280012003219800628759573903657829603458
20631522905194512156263346904754518498466393734804010212944596152919745009797571612256299646277231431264048688312182224458328145437025840046327510782361242672099935248175401681966668338597287370080127
53624968438064246601538003704957824225696954888507776644674391808262814182673721760178610965474986225833380869086389602578086610317340442195885615388395974354360527998707938823922883042414448268106731
97363616132653563653863580587699881547247670376151191727816331975767539552240874318554293940028619092631374388879662616859084403256946607247894360640982738863222105080187591322725814837652604283532473
59784006144939005655840847423226737718670234363631619394703111703225844822540308848414452849112579471671224653258857412487715962512956208748008477852272654184020111475406842615847786176321112878000626
15817176487343750298053293704745645072955826485835926536326654655327755502039147144504549132853538958661527280432053462151986587962979008422815107610498813046547356280193899265862491373519100710919362
24132354258046434562920899785233473568662283358725720062284635299576121232237106010014518806204912211232206671822356109833633429412263845986660663851849591616402046408694459307104854192613807614279957
49577035195017947430310748136314837361356793704256096325040296785394596055865475852694087753171177063175816777671658219809992600141500114711023891496593994719004418127925095089242756619594194342959402
92110522890476084526596275407194570867064932843450843478607605275699439672057069124236279218442666351504026629840630585141804180616399896994215154033006558933552552669840853718916048855791049306361082
54751290220298909050837768881895047158891889131809473599426008116855492676913860847075912724911343770560491608502393385243880637527422924797515726973608428770523951280469781308088434387152936005648165
90317541183498597935929848807714738906999514122236952883344144330098522976734412489782493032947907672471723366706296665935621938346540380306744532985879746005015846431488363841186254837351545687565773
54298890350784291075797957621439407619182102309254378284505851143748589368177993501841076443933961521010678919112825977545200282967114964990371541653367955513827537095539880546929940222393713839318833
13835348777124196832846755497113318517523687587621742473798393788247977098694942454839559048784069535912911463312318690628596353056178862047146360690900501710556104715788884342744710017849229605036987
81688844579761059125522548256753997073337396675204817464060926303176484640507725587877050587101071026973014539314774966727754605080590500460698574587052164812494367682030884297967495070349696504639460
58327846930463670394863117879771353277472710076929227867424727338646103970985164496089211252804335166906007819398364279465692940719890760622936452222199404078256819649477236590382743234696026097334876
25661547838735853321570052072448086461408792212950044369394123007245823354202294685661115135407763123615889950187710512353493193747506921365928710901968004570886169767336672796328962932627855215464177
99882341401510780435301947198801542130392220913229287085769483517588915751887657655059876436736200995969430585249140981986216428039808101173645133422939991978550956186898501386655060636837174161466599
24054392158153800005264137556403124207072917707357171691626906388454324977126215789901901152120631923956598001094354693891022138983732078679337008505298566860628671473975005913652748531938977509994532
91067013167855456796367178717759178311428169930840229536895923425100911677373466105849722597793511606034982152214462562173028155101162893777456040647229654859124659965654917832114476165002618164149721
76350462471989369951564080928133614154928951700087258436831944945473812475357915719709167188234908810989379480719289321745201524356958784299854385135074988263359804820993921290599345639289567079122600
44964315699707960827037572289343077790841013563165815678552589922360661143140721390773608815798680378987210388019076056577578965208142530625344767577747636907423596310661696732291574259565919596963513
73651775508356319273963446857809305214659661529141684913082712910841927737696810117563866912021865565897714218613453038136783930876135046072540205113598240521190721202962988098416973297073972651871138
64354360805452958846835462264616761841947358265770219040282531228412724160402220492284442246002211130738231640771807524042050669330256102239935132963723325743382248045541385635772979456789984516244488
54974673859342450590736130485244180852966652750552931703613285564622127989561946733994817219004390297644291276281512116625675512549500622891573591266689003946713580834317435609758220251542099827769422
67278981904552534738341018987079061249533997187080795970951321621901572931785084109408108326153487590487001293652030434262827521026282706222819900251110602424074041790233344120749868480268491915861228
88654515916664804460769864609765369420038021259268178697179220338368999543078668394589424204320111570961841003408217575754082493674052366572062774524591263243669248118160764604545396184470976231553770
48969333731522890946398470391891764548817168951992683609086920607987283539558907923837076253842560735738774297406408344523930840772172182356523204673491987972471441236644960282248704874477267049398272
78375248339141032467677194522031743492708416396268461888359563144142575366201118992039050545401800391608945485472155237017419398436220908670317399854004809144792305545108951082492592982527368329119364
94565233147733862451131552417086679282730096419988088568101604975755613563456414578990616025598565926815434046137641159921715003034949970536541135212120537105217173060763477211401073336427785292699818
85184035537317208044219287432384623843607144852073603601030252848137087839554473006229455890444264893451438435047864094447427881703203848809863712910619584189198307909547786853752918478477720329008143
19946996588615914920709758131951940072985792805438008505426399169871055483540917881778980582871342779467124540947802459804196648981644243404043977904370111331026609467409875281833927350121052031115817
33014879833119607778145790697105567575111715317424932036994595461557115333675484727732867058611400487401623569164751846838237238137352710969262991759882010110502808190261110593514282194399602361955079
45602691115092821901644802902418724839568261866990240913771473129499764521526837296761581378089981144937413336581962823390568106144933029184787637086888812337383419791693645956042254805093633716445267
18132247219622937922968934048664645234662270840302428328428566640338059264271758762368385428904528812765426504328381595211551900601084456032452248933062546854251336081407553226654646832363396422333337
41620556238959884497418510391846518439927313151510871544724744492803776622559510688344445783377257254988338510033287216553811975538597608181881958932138692935099686854921192894691784581903565200030590
62338044772654786291973524327639408945156244138796463188432939521403216810814484532332282627978455153482099932089301919179413516645714122121285311041650304972224324329926982128687493284979787086149046
50140791779481415837374290427389473353903481809415035848169656212588631916182235238370840357454472802639602504571750909184712904808991018516379454411753886259089559168920854679535357778389258844596926
08554660898223342116295607822320214586116906406363311768672346894287173691097047151435829838168252251334895561968943441682648476528793231459034317056831552180336492240221458608371538956492187010852510
54213117951819742914555656691058878532890751520989632327482858345220463016829626270192686997612507798367874084313578490016961127257095796830013451220357770621767251390741994197052998904644813160674229
42898748739399937385676999399436470136648448510152930292725601769209356463071461755205421422190191269757285192078954752021343283616671610983975209254696044316262109391931032718087375129525899562513621
06438539989734297414984255485367347896129688117651644276702473357098322423924444468903805257102142091339565263476516090680502799023569838198734314747235828442022287737258080230371498025322636259765123
64098373249336895462001798821955577896476846102278362064112805664675243004738692447356108298255648554130098931952427417970609709032069738739477246273940479027045517643205820402311766015232545676783040
65162955110947330243197259627364316874377962206726317111432341721726029868051450916733730521097034400597497364978143136315683459036928487907962246008325562357030651018537963579150909128131908385303648
03496713938006730775620924767195683461038255278981275507361720650422105251437227101860957306645785073910606423847755384076820808298819462954894453243092028985054141876388945151344579254862226190107056
01379763450725474105674465687463799124505152282794122647412237441197142864932881870294797135595220703549630947244171857256637396270596158915850828006574510446930526132112434886844756271795443437211147
46745523006824136903699933012570257744211448440095017378664055051801701832335848115395131025091728289841764275781269208382083070525850868520500574838635428572270595497161057471774577016712040261453854
57061712132118434092495385715417462457724734518417197697929156177381594462166874256216354312440596881215252986364686592333597961294180425405573503521246141432151662932684328323942592685441953518747343
29520801513094992605158317609459056613267667458135224759447802887005782799331570121372778856486283290097454092957905249311857586994162895962050774201155511685688638700288671892094497830193356961735478
75833865931877687114813876249314251058407269788616633067271889405294041802730851959222571757955432696296394195460885897142353304110868574113500945376027575698037481190410646929987086336760085073387131
21487897479634961248163352051971689057907049236991375857738938648537008593949226142725075459118422872607741726189924529340578819802010499326253894371799496403936197320040353738142420598899518022734016
47339096433179080829504614361142713716557351461597059591744988449951436908837995468879476011269887819127389979851378707502257262130492858423892955008014237371928824125633063158476673485616488080811049
50587974703427388853838017735284858269302010116188025795614155227772492773224998876157962070934908849366102764864961154001800729001461296551884012894896849050825097209904842117911276285801781316648510
726193653170504376013403307232851780526190760066560075192791581744636136936043670986687077588443178517918135785053493080211315258952038813056644733806744960602165824943772762469